1902303
1902304
3902258
3902260
3902261
3902331
3902333
4903365
4903488
4903532
5903594
5904479
5904769
5904770
5906440
3901580
3901581
3901582
3901583
3901586
3902681
6901180
6901181
6901933
6904185
6990668
1901205
1901209
1901210
1901211
1901212
1901213
1901214
1901215
1901217
1901218
1902578
1902621
1902637
1902695
2903929
2903930
3901667
3901668
3901669
3902506
3902608
4901801
4903634
4903659
4903739
4903740
4903798
5902269
5902297
5902298
5902299
5902300
5902301
5902302
5902303
5902304
5902305
5902306
5902307
5904988
5904989
5906994
6900642
6900643
6900760
6900785
6900876
6900877
6901021
6901022
6901023
6901024
6901025
6901026
6901027
6901028
6901029
6901030
6901457
6901480
6901481
6901482
6901484
6901485
6901486
6901489
6901514
6901515
6901516
6901517
6901518
6901519
6901520
6901521
6901522
6901523
6901524
6901525
6901526
6901527
6901592
6901593
6901595
6901601
6901602
6901603
6901604
6901627
6901628
6901632
6901646
6901647
6901750
6901751
6901752
6901753
6901754
6901755
6901756
6901757
6901758
6901759
6901760
6901762
6902686
6902800
6902801
6902802
6902805
6902806
6902807
6902808
6902810
6902811
6902812
6902818
6902819
6902829
6902868
6902869
6902881
6902882
6902884
6902886
6902888
6902895
6902970
6902971
6902972
6902973
6902974
6902975
6902976
6902978
6903029
6903030
6903032
6903034
6903035
6903036
6903038
6903039
6903040
6903041
6903042
6903081
6903082
6903083
6903085
6903086
6903579
6903869
6903870
6903871
6903872
6903873
6904110
6904111
6904112
6904113
6904114
6904115
6904231
6904240
6904241
6990526
6990538
6990580
6990636
6990660
7900566
7900585
7900588
7900589
7901027
7901036
7901037
7902223
4900883
4901141
4901142
4901779
4901780
4901781
4901782
4902383
4902384
4902386
4902409
4902410
4902438
4902468
4902469
4902471
4902477
4902478
4902479
4902480
4902481
4902487
4902504
4902505
4902506
4902507
4902508
4902509
4902510
4902512
4902513
4902527
4902579
4902580
4902581
4902582
4902650
4902652
4902675
4902677
4902684
4902685
4902686
4902687
4902688
